71 117 114
32 100 104
118 112 120
32 111 101
98 106 97
32 115 98
107 32 119
104 122 99
102 32 98
105 114 101
32 103 117
114 32 121
110 109 108
32 113 98
116 32 118
102 32 110
97 32 82
97 116 121
118 102 117
45 121 110
97 116 104
110 116 114
32 99 110
97 116 101
110 122 226
128 148 110
32 102 114
97 103 114
97 112 114
32 103 117
110 103 32
112 98 97
103 110 118
97 102 32
110 121 121
32 103 117
114 32 121
114 103 103
114 101 102
32 98 115
32 103 117
114 32 110
121 99 117
110 111 114
103 46 32
71 117 114
32 99 117
101 110 102
114 32 118
102 32 112
98 122 122
98 97 121
108 32 104
102 114 113
32 115 98
101 32 103
98 104 112
117 45 103
108 99 118
97 116 32
99 101 110
112 103 118
112 114 44
32 103 114
102 103 118
97 116 32
103 108 99
114 106 101
118 103 114
101 102 32
110 97 113
32 112 98
122 99 104
103 114 101
32 120 114
108 111 98
110 101 113
102 44 32
113 118 102
99 121 110
108 118 97
116 32 114
107 110 122
99 121 114
102 32 98
115 32 115
98 97 103
102 44 32
110 97 113
32 98 103
117 114 101
32 110 99
99 121 118
112 110 103
118 98 97
102 32 118
97 105 98
121 105 118
97 116 32
103 114 107
103 32 106
117 114 101
114 32 103
117 114 32
104 102 114
32 98 115
32 110 121
121 32 121
114 103 103
114 101 102
32 118 97
32 103 117
114 32 110
121 99 117
110 111 114
103 32 118
102 32 113
114 102 118
101 114 113
46 71 117
114 32 114
110 101 121
118 114 102
103 32 120
97 98 106
97 32 110
99 99 114
110 101 110
97 112 114
32 98 115
32 103 117
114 32 99
117 101 110
102 114 32
106 110 102
32 118 97
32 71 117
114 32 79
98 102 103
98 97 32
87 98 104
101 97 110
121 46 32
86 97 32
110 97 32
110 101 103
118 112 121
114 32 103
118 103 121
114 113 32
80 104 101
101 114 97
103 32 65
98 103 114
102 32 118
97 32 103
117 114 32
83 114 111
101 104 110
101 108 32
44 32 114
113 118 103
118 98 97
44 32 103
117 114 32
99 117 101
110 102 114
32 118 102
32 122 114
97 103 118
98 97 114
113 32 110
102 32 110
32 116 98
98 113 32
99 101 110
112 103 118
112 114 32
102 114 97
103 114 97
112 114 32
115 98 101
32 106 101
118 103 118
97 116 32
102 103 104
113 114 97
103 102 32
78 32 115
110 105 98
101 118 103
114 32 112
98 99 108
32 102 114
103 32 111
108 32 106
101 118 103
118 97 116
32 103 114
110 112 117
114 101 102
32 115 98
101 32 103
117 114 118
101 32 99
104 99 118
121 102 32
118 102 32
103 117 114
32 115 98
121 121 98
106 118 97
116 44 32
111 114 112
110 104 102
114 32 118
103 32 112
98 97 103
110 118 97
102 32 114
105 114 101
108 32 121
114 103 103
114 101 32
98 115 32
103 117 114
32 110 121
99 117 110
111 114 103
32 78 32
100 104 118
112 120 32
111 101 98
106 97 32
115 98 107
32 119 104
122 99 102
32 98 105
114 101 32
103 117 114
32 121 110
109 108 32
113 98 116
46 32 81
98 109 114
97 102 32
98 115 32
98 103 117
114 101 32
97 114 106
102 99 110
99 114 101
102 32 99
104 111 121
118 102 117
114 113 32
103 117 114
32 99 117
101 110 102
114 32 98
105 114 101
32 103 117
114 32 97
114 107 103
32 115 114
106 32 122
98 97 103
117 102 44
32 110 121
121 32 104
102 118 97
116 32 103
117 114 32
105 114 101
102 118 98
97 32 98
115 32 103
117 114 32
102 114 97
103 114 97
112 114 32
102 103 110
101 103 118
97 116 32
106 118 103
117 32 78
32 101 110
103 117 114
101 32 103
117 110 97
32 71 117
114 46 32
71 117 114
32 114 110
101 121 118
114 102 103
32 120 97
98 106 97
32 104 102
114 32 98
115 32 103
117 114 32
99 117 101
110 102 114
32 102 103
110 101 103
118 97 116
32 106 118
103 117 32
71 117 114
32 118 102
32 115 101
98 122 32
103 117 114
32 32 111
98 98 120
32 86 121
121 104 102
103 101 110
103 118 105
114 32 70
117 98 101
103 117 110
97 113 32
111 108 32
89 118 97
113 110 32
79 101 98
97 102 98
97 46 32
71 117 114
32 122 98
113 114 101
97 32 115
98 101 122
32 102 103
110 101 103
118 97 116
32 106 118
103 117 32
71 117 114
32 111 114
112 110 122
114 32 122
98 101 114
32 112 98
122 122 98
97 32 114
105 114 97
32 103 117
98 104 116
117 32 118
103 32 118
102 32 102
121 118 116
117 103 121
108 32 121
98 97 116
114 101 32
103 117 110
97 32 103
117 114 32
98 101 118
116 118 97
110 121 32
102 103 110
101 103 118
97 116 32
106 118 103
117 32 78
46 78 32
32 114 113
118 103 118
98 97 32
98 115 32
103 117 114
32 89 98
102 32 78
97 116 114
121 114 102
32 85 114
101 110 121
113 32 70
104 97 113
110 108 32
90 110 116
110 109 118
97 114 32
101 114 112
98 101 113
102 32 103
117 110 103
32 106 117
114 97 32
103 117 114
32 65 114
106 32 76
98 101 120
32 85 114
101 110 121
113 32 106
110 102 32
114 100 104
118 99 99
118 97 116
32 110 97
32 98 115
115 118 112
114 32 106
118 103 117
32 103 108
99 114 106
101 118 103
114 101 102
32 110 32
115 114 106
32 108 114
110 101 102
32 110 116
98 44 32
102 103 110
115 115 32
115 98 104
97 113 32
103 117 110
103 32 103
117 114 32
112 98 122
122 98 97
32 99 101
110 112 103
118 112 114
32 102 114
97 103 114
97 112 114
32 98 115
32 97 98
106 32 118
102 32 103
117 114 32
103 118 122
114 32 115
98 101 32
110 121 121
32 116 98
98 113 32
122 114 97
32 103 98
32 112 98
122 114 32
103 98 32
103 117 114
32 110 118
113 32 98
115 32 103
117 114 32
99 110 101
103 108 32
113 118 113
32 97 98
103 32 115
110 122 118
121 118 110
101 118 109
114 32 103
108 99 118
102 103 102
32 106 118
103 117 32
103 117 114
32 114 97
103 118 101
114 32 110
121 99 117
110 111 114
103 44 32
110 97 113
32 101 110
97 32 98
97 103 98
32 103 106
98 32 121
118 97 114
102 32 118
97 32 110
32 97 114
106 102 99
110 99 114
101 32 112
98 121 104
122 97 46
32 115 121
110 116 123
118 107 50
50 49 95
118 102 95
70 72 67
82 69 90
78 65 95
102 98 95
103 117 118
102 95 103
110 102 120
95 118 102
95 114 110
102 108 33
117 117 117
117 117 117
125 32 71
117 114 108
32 106 101
118 103 114
32 103 117
110 103 32
110 32 102
103 110 115
115 32 122
114 122 111
114 101 32
97 110 122
114 113 32
78 101 103
117 104 101
32 83 46
32 80 104
101 103 118
102 32 118
97 105 114
97 103 114
113 32 103
117 114 32
100 104 118
112 120 32
111 101 98
106 97 32
115 98 107
32 99 110
97 116 101
110 122 32
103 98 32
110 113 113
101 114 102
102 32 103
117 118 102
46 78 102
32 103 117
114 32 104
102 114 32
98 115 32
103 108 99
114 106 101
118 103 114
101 102 32
116 101 114
106 32 118
97 32 103
117 114 32
121 110 103
114 32 103
117 32 112
114 97 103
104 101 108
44 32 103
117 114 32
99 117 101
110 102 114
32 111 114
116 110 97
32 110 99
99 114 110
101 118 97
116 32 118
97 32 103
108 99 118
97 116 32
121 114 102
102 98 97
32 111 98
98 120 102
32 110 102
32 110 32
99 101 110
112 103 118
112 114 32
102 114 97
103 114 97
112 114 46
32 82 110
101 121 108
32 114 107
110 122 99
121 114 102
32 118 97
112 121 104
113 114 32
85 98 106
32 103 98
32 79 114
112 98 122
114 32 82
107 99 114
101 103 32
118 97 32
71 108 99
114 106 101
118 103 118
97 116 32
78 32 80
98 122 99
121 114 103
114 32 86
97 102 103
101 104 112
103 98 101
32 81 114
102 118 116
97 114 113
32 82 102
99 114 112
118 110 121
121 108 32
115 98 101
32 103 117
114 32 69
114 122 118
97 116 103
98 97 32
71 108 99
114 106 101
118 103 114
101 32 44
32 110 97
113 32 71
108 99 114
106 101 118
103 118 97
116 32 86
97 102 103
101 104 112
103 98 101
32 110 97
113 32 70
103 114 97
98 116 101
110 99 117
114 101 102
32 85 110
97 113 45
111 98 98
120 46 32
79 108 32
103 117 114
32 103 104
101 97 32
98 115 32
103 117 114
32 103 117
32 112 114
97 103 104
101 108 44
32 103 117
114 32 99
117 101 110
102 114 32
117 110 113
32 111 114
112 98 122
114 32 106
118 113 114
121 108 32
120 97 98
106 97 46
32 86 97
32 103 117
114 32 87
110 97 104
110 101 108
32 44 118
102 102 104
114 32 98
115 32 67
118 103 122
110 97 102
32 67 117
98 97 114
103 118 112
32 87 98
104 101 97
110 121 44
32 118 103
32 118 102
32 101 114
115 114 101
101 114 113
32 103 98
32 110 102
32 103 117
114 32 106
114 121 121
32 120 97
98 106 97
32 122 114
122 98 101
118 109 114
113 32 103
108 99 118
97 116 32
121 118 97
114 32 114
122 111 101
110 112 118
97 116 32
110 121 121
32 103 117
114 32 121
114 103 103
114 101 102
32 98 115
32 103 117
114 32 110
121 99 117
110 111 114
103 46 32
69 98 111
114 101 103
32 79 110
113 114 97
45 67 98
106 114 121
121 102 32
111 98 98
120 32 70
112 98 104
103 118 97
116 32 115
98 101 32
79 98 108
102 32 32
104 102 114
102 32 103
117 114 32
99 117 101
110 102 114
32 110 102
32 110 32
99 101 110
112 103 118
112 114 32
102 114 97
103 114 97
112 114 32
115 98 101
32 102 118
116 97 110
121 118 97
116 46 71
117 114 32
115 118 101
102 103 32
122 114 102
102 110 116
114 32 102
114 97 103
32 98 97
32 103 117
114 32 90
98 102 112
98 106 226
128 147 74
110 102 117
118 97 116
103 98 97
32 117 98
103 121 118
97 114 32
98 97 32
78 104 116
104 102 103
32 44 32
44 32 106
110 102 32
103 117 114
32 103 114
102 103 32
99 117 101
110 102 114
32 71 85
82 32 68
72 86 80
88 32 79
69 66 74
65 32 83
66 75 32
87 72 90
67 82 81
32 66 73
82 69 32
71 85 82
32 89 78
77 76 32
81 66 84
70 32 79
78 80 88
32 46 32
89 110 103
114 101 44
32 113 104
101 118 97
116 32 103
114 102 103
118 97 116
44 32 103
117 114 32
69 104 102
102 118 110
97 32 103
101 110 97
102 121 110
103 98 101
102 32 102
114 97 103
32 110 32
122 114 102
102 110 116
114 32 110
102 120 118
97 116 32
103 117 114
118 101 32
78 122 114
101 118 112
110 97 32
112 98 104
97 103 114
101 99 110
101 103 102
44 32 74
117 110 103
32 113 98
114 102 32
118 103 32
122 114 110
97 32 106
117 114 97
32 108 98
104 101 32
99 114 98
99 121 114
32 102 110
108 32 71
117 114 32
100 104 118
112 120 32
111 101 98
106 97 32
115 98 107
32 119 104
122 99 114
113 32 98
105 114 101
32 103 117
114 32 121
110 109 108
32 113 98
116 63 32
81 104 101
118 97 116
32 103 117
114 32 103
117 32 112
114 97 103
104 101 108
44 32 103
114 112 117
97 118 112
118 110 97
102 32 103
114 102 103
114 113 32
103 108 99
114 106 101
118 103 114
101 102 32
110 97 113
32 103 114
121 114 99
101 118 97
103 114 101
102 32 111
108 32 103
108 99 118
97 116 32
103 117 114
32 102 114
97 103 114
97 112 114
46 86 103
32 118 102
32 103 117
114 32 102
114 97 103
114 97 112
114 32 104
102 114 113
32 118 97
32 103 117
114 32 110
97 97 104
110 121 32
77 110 97
114 101 45
79 121 98
102 114 101
32 65 110
103 118 98
97 110 121
32 85 110
97 113 106
101 118 103
118 97 116
32 80 98
122 99 114
103 118 103
118 98 97
44 32 110
32 112 104
101 102 118
105 114 32
106 101 118
103 118 97
116 32 112
98 122 99
114 103 118
103 118 98
97 32 106
117 118 112
117 32 117
110 102 32
111 114 114
97 32 117
114 121 113
32 118 97
32 103 117
114 32 72
46 70 46
32 102 118
0 0 0
0 0 0
0 0 0
0 0 0
0 0 0
0 0 0
0 0 0
0 0 0
0 0 0
0 0 0
0 0 0
0 0 0
0 0 0
0 0 0
0 0 0
